location_colors <- c(FUE = "#df982c",
                     RIO = "#59b2bf",
                     ZAM = "#c437bb")
location_shapes <- c(FUE = 17,
                     RIO = 15,
                     ZAM = 16)
treatment_colors <- c(ECO ="#028900",
                      CON = "#602320",
                      ROT = "#1b85b8")
treatment_shapes <- c(ECO = 17,
                      ROT = 15,
                      CON = 16)
movement_colors <- c(MIN ="#028900",
                     YES = "#602320",
                     NO = "#1b85b8")
movement_shapes <- c(MIN = 17,
                     YES = 15,
                     NO = 16)
sample_map_colors <- c("#f1f1f1",
                       "#ade0d6",
                       "#04a472",
                       "#046647")
barplot_16S_colors <- c("#FF0000",  # Red
                        "#90EE90",  # Light Green
                        "#0000FF",  # Blue
                        "#FFFF00",  # Yellow
                        "#00FFFF",  # Cyan
                        "#FF00FF",  # Magenta
                        "#FFA500",  # Orange
                        "#800080",  # Purple
                        "#FFC0CB",  # Pink
                        "#654321",  # Dark Brown
                        "#808080",  # Gray
                        "#006400",  # Dark Green
                        "#F5F5DC",  # Beige
                        "#000080",  # Navy
                        "#FF7F00")  # Bright Orange
barplot_ITS_colors <- c("#FF0000",  # Red
                        "#90EE90",  # Light Green
                        "#0000FF",  # Blue
                        "#FFFF00",  # Yellow
                        "#00FFFF",  # Cyan
                        "#800080",  # Purple
                        "#FFA500",  # Orange
                        "#FF00FF",  # Magenta
                        "#FFC0CB",  # Pink
                        "#654321",  # Dark Brown
                        "#808080",  # Gray
                        "#D6FF0A",  # Olive
                        "#FF7F00",  # # Bright Orange
                        "#000080")  # Navy